height[484]
width[506]
countHeight[22]
countWidth[23]
pacmanX[22]
pacmanY[22]
speed[600]
map[00000000000000000000000
02222222222222222222220
02000000002020000000020
02222202222022220222220
00020202000000020202000
02220222222222222202220
02000200002020000200020
02222222222022222222220
00000200000000000200000
02222222222222222222220
02020002000200020002020
02022022022222022022020
02002020020002002020020
02222222222222222222220
00000200000000000200000
02222222222222222222220
02000000002020000000020
02222222222022222222220
02000020002020002000020
02000020002020002000020
02222222222022222222220
00000000000000000000000]
